var dataInit = {
    labels: ["1984","1985","1986","1987","1988","1989","1990","1991","1992","1993","1994","1995","1996","1997","1998","1999","2000","2001","2002","2003","2004","2005","2006","2007","2008","2009","2010","2011","2012","2013","2014","2015","2016","2017"],
    datasets: [
        {
            label: "All Gifts",
            data: [18845.97,18988.44,19095.11,20046.61,19960.49,20773.64,21406.58,21630.65,21756.82,21935.56,22119.06,15596.08,16310.29,16458.29,17329.33,18054.60,18324.65,18871.88,16456.95,20008.36,20400.55,22064.60,22636.32,23222.98,26036.21,26116.69,28447.38,29910.68,31691.18,33653.17,33933.22,34130.99,34363.49,34558.65]
        }
    ]
};

var dataGroup = [
        {
            label: "All Gifts",
            data: [18845.97,18988.44,19095.11,20046.61,19960.49,20773.64,21406.58,21630.65,21756.82,21935.56,22119.06,15596.08,16310.29,16458.29,17329.33,18054.60,18324.65,18871.88,16456.95,20008.36,20400.55,22064.60,22636.32,23222.98,26036.21,26116.69,28447.38,29910.68,31691.18,33653.17,33933.22,34130.99,34363.49,34558.65]
        },
		{
            label: "Partridge In a Pear Tree",
            data: [32.52,31.52,44.95,44.95,39.95,39.95,27.48,27.50,27.50,34.99,34.99,27.50,27.50,45.00,104.99,113.00,113.00,140.00,102.50,77.50,93.00,104.99,144.99,164.99,219.99,159.99,161.99,184.99,204.99,199.99,207.68,214.99,209.99,219.95]
        },
		{
            label: "Turtle Doves",
            data: [99.28,99.28,104.00,104.00,104.00,104.00,104.00,104.00,104.00,104.00,104.00,104.00,104.00,104.00,104.00,104.00,104.00,120.64,120.64,120.64,83.20,83.20,83.20,83.20,114.40,116.44,208.00,260.00,260.00,260.00,260.00,290.00,375.00,375.00]
        },
		{
            label: "French Hens",
            data: [15.23,15.23,15.00,15.00,15.00,15.00,15.00,15.00,15.00,15.00,15.00,15.00,15.00,15.00,15.00,15.00,15.00,15.00,15.00,15.00,45.00,45.00,45.00,45.00,30.00,45.00,150.00,150.00,165.00,165.00,181.50,181.50,181.50,181.50]
        },
		{
            label: "Calling Birds",
            data: [280.00,280.00,280.00,280.00,280.00,280.00,280.00,280.00,280.00,280.00,280.00,280.00,280.00,280.00,280.00,280.00,280.00,316.00,316.00,400.00,396.00,399.96,479.96,599.96,599.96,599.96,599.96,519.96,519.96,599.96,599.96,599.96,599.96,599.96]
        },
		{
            label: "Golden Rings",
            data: [325.00,325.00,275.00,750.00,625.00,750.00,600.00,412.50,300.00,325.00,450.00,325.00,325.00,325.00,250.00,250.00,250.00,375.00,382.50,361.25,255.00,325.00,325.00,395.00,349.95,499.95,649.95,645.00,750.00,750.00,750.00,750.00,750.00,825.00]
        },
		{
            label: "Geese-a-Laying",
            data: [150.00,150.00,150.00,150.00,150.00,150.00,150.00,150.00,150.00,150.00,150.00,150.00,150.00,150.00,150.00,150.00,150.00,150.00,150.00,150.00,210.00,300.00,300.00,360.00,240.00,150.00,150.00,162.00,210.00,210.00,360.00,360.00,360.00,360.00]
        },
		{
            label: "Swans-a-Swimming",
            data: [13120.86,13120.86,13120.86,13120.86,13120.86,13120.86,13120.86,13120.86,13120.86,13120.86,13120.86,6560.43,6560.43,6560.43,6560.43,6560.43,6560.43,6560.43,3936.26,6560.44,6560.44,7872.53,7872.53,7872.53,10496.71,9840.67,10500.00,11812.50,13125.00,13125.00,13125.00,13125.00,13125.00,13125.00]
        },
		{
            label: "Maids-a-Milking",
            data: [26.80,26.80,26.80,26.80,26.80,26.80,30.40,34.00,34.00,34.00,34.00,34.00,38.00,41.20,41.20,41.20,41.20,41.20,41.20,41.20,41.20,41.20,41.20,46.80,52.40,58.00,58.00,58.00,58.00,58.00,58.00,58.00,58.00,58.00]
        },
		{
            label: "Ladies Dancing",
            data: [1511.78,1557.00,1602.00,1800.00,1800.00,2084.40,2417.90,2555.72,2606.83,2606.83,2606.83,2606.83,3258.54,3258.54,3932.72,3932.72,3932.72,4019.24,4107.66,4230.89,4400.13,4576.14,4759.19,4759.19,4759.19,5473.07,6294.03,6294.03,6294.03,7552.84,7552.84,7552.84,7552.84,7552.84]
        },
		{
            label: "Lords-a-Leaping",
            data: [1679.75,1730.00,1780.00,2000.00,2000.00,2316.00,2686.56,2839.69,2924.88,3012.63,3012.63,3182.57,3182.57,3309.87,3433.99,3537.00,3660.80,3770.62,3921.44,3921.44,4039.08,4039.08,4160.25,4285.06,4413.61,4413.61,4766.70,4766.70,4766.70,5243.37,5348.24,5508.70,5508.70,5618.90]
        },
		{
            label: "Pipers Piping",
            data: [770.28,793.32,814.32,842.40,863.46,905.58,947.70,1003.86,1053.00,1081.08,1109.16,1109.16,1137.24,1137.24,1179.36,1474.20,1544.40,1614.60,1614.60,1982.40,2053.20,2053.20,2124.00,2213.40,2284.80,2284.80,2356.20,2427.60,2562.00,2635.20,2635.20,2635.20,2708.40,2708.40]
        },
		{
            label: "Drummers Drumming",
            data: [834.47,859.43,882.18,912.60,935.42,981.05,1026.68,1087.52,1140.75,1171.17,1201.59,1201.59,1232.01,1232.01,1277.64,1597.05,1673.10,1749.15,1749.15,2147.60,2224.30,2224.30,2301.00,2397.85,2475.20,2475.20,2552.55,2629.90,2775.50,2854.80,2854.80,2854.80,2934.10,2934.10]
        }
];

